image_width: 1280
image_height: 1024
camera_name: narrow_stereo/left
camera_matrix:
  rows: 3
  cols: 3
  data: [1683.471002, 0.000000, 582.456716, 0.000000, 1680.915582, 455.488307, 0.000000, 0.000000, 1.000000]
distortion_model: plumb_bob
distortion_coefficients:
  rows: 1
  cols: 5
  data: [-0.110566, 0.094079, -0.015270, -0.007673, 0.000000]
rectification_matrix:
  rows: 3
  cols: 3
  data: [0.997032, -0.013385, -0.075815, 0.013675, 0.999901, 0.003303, 0.075763, -0.004330, 0.997116]
projection_matrix:
  rows: 3
  cols: 4
  data: [1710.009813, 0.000000, 717.047562, 0.000000, 0.000000, 1710.009813, 435.945057, 0.000000, 0.000000, 0.000000, 1.000000, 0.000000]
