image_width: 1280
image_height: 1024
camera_name: 16276501
camera_matrix:
  rows: 3
  cols: 3
  data: [957.459242, 0.000000, 622.333238, 0.000000, 957.017893, 513.528697, 0.000000, 0.000000, 1.000000]
distortion_model: plumb_bob
distortion_coefficients:
  rows: 1
  cols: 5
  data: [-0.301285, 0.101260, 0.000381, 0.000317, 0.000000]
rectification_matrix:
  rows: 3
  cols: 3
  data: [0.999762, -0.003774, 0.021502, 0.003746, 0.999992, 0.001359, -0.021507, -0.001278, 0.999768]
projection_matrix:
  rows: 3
  cols: 4
  data: [723.472094, 0.000000, 610.302162, 0.000000, 0.000000, 723.472094, 518.621063, 0.000000, 0.000000, 0.000000, 1.000000, 0.000000]
