image_width: 1280
image_height: 1024
camera_name: pointgrey/right
camera_matrix:
  rows: 3
  cols: 3
  data: [1678.907394, 0.000000, 598.352989, 0.000000, 1674.483315, 539.502849, 0.000000, 0.000000, 1.000000]
distortion_model: plumb_bob
distortion_coefficients:
  rows: 1
  cols: 5
  data: [-0.162521, 0.335029, 0.002603, -0.002219, 0.000000]
rectification_matrix:
  rows: 3
  cols: 3
  data: [0.992172, 0.009032, -0.124552, -0.009312, 0.999955, -0.001667, 0.124531, 0.002813, 0.992212]
projection_matrix:
  rows: 3
  cols: 4
  data: [1738.808747, 0.000000, 832.927204, -158.386802, 0.000000, 1738.808747, 542.995838, 0.000000, 0.000000, 0.000000, 1.000000, 0.000000]
