image_width: 1280
image_height: 1024
camera_name: 16276527
camera_matrix:
  rows: 3
  cols: 3
  data: [947.730531, 0.000000, 641.020806, 0.000000, 947.254486, 525.180668, 0.000000, 0.000000, 1.000000]
distortion_model: plumb_bob
distortion_coefficients:
  rows: 1
  cols: 5
  data: [-0.300410, 0.102223, -0.000154, -0.000475, 0.000000]
rectification_matrix:
  rows: 3
  cols: 3
  data: [0.999932, -0.010500, 0.005064, 0.010496, 0.999945, 0.000727, -0.005071, -0.000674, 0.999987]
projection_matrix:
  rows: 3
  cols: 4
  data: [880.808505, 0.000000, 618.013809, -203.457281, 0.000000, 880.808505, 516.929707, 0.000000, 0.000000, 0.000000, 1.000000, 0.000000]
