image_width: 1280
image_height: 1024
camera_name: 16276501
camera_matrix:
  rows: 3
  cols: 3
  data: [965.139243, 0.000000, 635.099168, 0.000000, 963.222513, 506.353660, 0.000000, 0.000000, 1.000000]
distortion_model: plumb_bob
distortion_coefficients:
  rows: 1
  cols: 5
  data: [-0.300931, 0.104903, 0.000190, 0.000037, 0.000000]
rectification_matrix:
  rows: 3
  cols: 3
  data: [0.999988, -0.003095, 0.003671, 0.003094, 0.999995, 0.000252, -0.003672, -0.000241, 0.999993]
projection_matrix:
  rows: 3
  cols: 4
  data: [895.466016, 0.000000, 638.984863, 0.000000, 0.000000, 895.466016, 516.352940, 0.000000, 0.000000, 0.000000, 1.000000, 0.000000]
