image_width: 1280
image_height: 1024
camera_name: narrow_stereo/right
camera_matrix:
  rows: 3
  cols: 3
  data: [1683.014511, 0.000000, 588.864256, 0.000000, 1680.503693, 440.524620, 0.000000, 0.000000, 1.000000]
distortion_model: plumb_bob
distortion_coefficients:
  rows: 1
  cols: 5
  data: [-0.093562, 0.032439, -0.014335, -0.006012, 0.000000]
rectification_matrix:
  rows: 3
  cols: 3
  data: [0.997415, -0.015021, -0.070276, 0.014752, 0.999882, -0.004340, 0.070332, 0.003293, 0.997518]
projection_matrix:
  rows: 3
  cols: 4
  data: [1710.009813, 0.000000, 717.047562, -157.965126, 0.000000, 1710.009813, 435.945057, 0.000000, 0.000000, 0.000000, 1.000000, 0.000000]
