image_width: 1280
image_height: 1024
camera_name: 16276501
camera_matrix:
  rows: 3
  cols: 3
  data: [955.070033, 0.000000, 624.379618, 0.000000, 954.160862, 508.563483, 0.000000, 0.000000, 1.000000]
distortion_model: plumb_bob
distortion_coefficients:
  rows: 1
  cols: 5
  data: [-0.294693, 0.093634, 0.000051, 0.000025, 0.000000]
rectification_matrix:
  rows: 3
  cols: 3
  data: [0.999859, -0.007044, 0.015220, 0.007054, 0.999975, -0.000647, -0.015215, 0.000754, 0.999884]
projection_matrix:
  rows: 3
  cols: 4
  data: [880.808505, 0.000000, 618.013809, 0.000000, 0.000000, 880.808505, 516.929707, 0.000000, 0.000000, 0.000000, 1.000000, 0.000000]
