image_width: 1280
image_height: 1024
camera_name: 16276527
camera_matrix:
  rows: 3
  cols: 3
  data: [1719.190195, 0.000000, 621.785721, 0.000000, 1720.557821, 531.755587, 0.000000, 0.000000, 1.000000]
distortion_model: plumb_bob
distortion_coefficients:
  rows: 1
  cols: 5
  data: [-0.096142, 0.191186, 0.002027, -0.000008, 0.000000]
rectification_matrix:
  rows: 3
  cols: 3
  data: [0.999854, -0.004812, -0.016403, 0.004779, 0.999986, -0.002080, 0.016413, 0.002002, 0.999863]
projection_matrix:
  rows: 3
  cols: 4
  data: [1731.960014, 0.000000, 644.843803, -397.454426, 0.000000, 1731.960014, 538.981010, 0.000000, 0.000000, 0.000000, 1.000000, 0.000000]
