image_width: 1280
image_height: 1024
camera_name: 16276527
camera_matrix:
  rows: 3
  cols: 3
  data: [960.659460, 0.000000, 641.234740, 0.000000, 958.418279, 524.280702, 0.000000, 0.000000, 1.000000]
distortion_model: plumb_bob
distortion_coefficients:
  rows: 1
  cols: 5
  data: [-0.300481, 0.102700, 0.000453, 0.000324, 0.000000]
rectification_matrix:
  rows: 3
  cols: 3
  data: [0.999980, -0.004599, -0.004344, 0.004598, 0.999989, -0.000256, 0.004346, 0.000236, 0.999991]
projection_matrix:
  rows: 3
  cols: 4
  data: [895.466016, 0.000000, 638.984863, -206.315073, 0.000000, 895.466016, 516.352940, 0.000000, 0.000000, 0.000000, 1.000000, 0.000000]
