image_width: 1280
image_height: 1024
camera_name: 16276501
camera_matrix:
  rows: 3
  cols: 3
  data: [1670.915289, 0.000000, 598.454063, 0.000000, 1666.140608, 546.121293, 0.000000, 0.000000, 1.000000]
distortion_model: plumb_bob
distortion_coefficients:
  rows: 1
  cols: 5
  data: [-0.149736, 0.226243, 0.000373, -0.002321, 0.000000]
rectification_matrix:
  rows: 3
  cols: 3
  data: [0.991686, 0.008572, -0.128395, -0.008284, 0.999962, 0.002783, 0.128414, -0.001696, 0.991719]
projection_matrix:
  rows: 3
  cols: 4
  data: [1738.808747, 0.000000, 832.927204, 0.000000, 0.000000, 1738.808747, 542.995838, 0.000000, 0.000000, 0.000000, 1.000000, 0.000000]
