image_width: 1280
image_height: 1024
camera_name: 16276501
camera_matrix:
  rows: 3
  cols: 3
  data: [1722.239241, 0.000000, 629.045073, 0.000000, 1722.529797, 545.212356, 0.000000, 0.000000, 1.000000]
distortion_model: plumb_bob
distortion_coefficients:
  rows: 1
  cols: 5
  data: [-0.110655, 0.252676, 0.000418, 0.000813, 0.000000]
rectification_matrix:
  rows: 3
  cols: 3
  data: [0.999989, -0.003243, -0.003440, 0.003250, 0.999993, 0.002036, 0.003433, -0.002047, 0.999992]
projection_matrix:
  rows: 3
  cols: 4
  data: [1731.960014, 0.000000, 644.843803, 0.000000, 0.000000, 1731.960014, 538.981010, 0.000000, 0.000000, 0.000000, 1.000000, 0.000000]
