image_width: 1280
image_height: 1024
camera_name: 16276527
camera_matrix:
  rows: 3
  cols: 3
  data: [1676.351134, 0.000000, 644.220635, 0.000000, 1673.217380, 541.639625, 0.000000, 0.000000, 1.000000]
distortion_model: plumb_bob
distortion_coefficients:
  rows: 1
  cols: 5
  data: [-0.123763, 0.263954, 0.003396, 0.002538, 0.000000]
rectification_matrix:
  rows: 3
  cols: 3
  data: [0.999922, -0.001524, 0.012393, 0.001610, 0.999975, -0.006893, -0.012382, 0.006912, 0.999899]
projection_matrix:
  rows: 3
  cols: 4
  data: [1696.104238, 0.000000, 608.731544, -391.526732, 0.000000, 1696.104238, 555.575878, 0.000000, 0.000000, 0.000000, 1.000000, 0.000000]
