image_width: 1280
image_height: 1024
camera_name: 16276501
camera_matrix:
  rows: 3
  cols: 3
  data: [1675.211023, 0.000000, 664.239314, 0.000000, 1670.672402, 565.432405, 0.000000, 0.000000, 1.000000]
distortion_model: plumb_bob
distortion_coefficients:
  rows: 1
  cols: 5
  data: [-0.122788, 0.176616, 0.003236, 0.003395, 0.000000]
rectification_matrix:
  rows: 3
  cols: 3
  data: [0.999219, -0.006714, 0.038948, 0.006445, 0.999955, 0.007029, -0.038994, -0.006773, 0.999216]
projection_matrix:
  rows: 3
  cols: 4
  data: [1696.104238, 0.000000, 608.731544, 0.000000, 0.000000, 1696.104238, 555.575878, 0.000000, 0.000000, 0.000000, 1.000000, 0.000000]
