image_width: 1280
image_height: 1024
camera_name: 16276527
camera_matrix:
  rows: 3
  cols: 3
  data: [951.498080, 0.000000, 639.979279, 0.000000, 950.995913, 525.855577, 0.000000, 0.000000, 1.000000]
distortion_model: plumb_bob
distortion_coefficients:
  rows: 1
  cols: 5
  data: [-0.306855, 0.112084, -0.000187, 0.000048, 0.000000]
rectification_matrix:
  rows: 3
  cols: 3
  data: [0.998539, -0.000754, 0.054025, 0.000853, 0.999998, -0.001807, -0.054024, 0.001850, 0.998538]
projection_matrix:
  rows: 3
  cols: 4
  data: [891.959633, 0.000000, 556.986137, -204.560055, 0.000000, 891.959633, 519.328228, 0.000000, 0.000000, 0.000000, 1.000000, 0.000000]
