image_width: 1280
image_height: 1024
camera_name: pointgrey/left
camera_matrix:
  rows: 3
  cols: 3
  data: [1654.526139, 0.000000, 622.362649, 0.000000, 1651.394935, 525.367598, 0.000000, 0.000000, 1.000000]
distortion_model: plumb_bob
distortion_coefficients:
  rows: 1
  cols: 5
  data: [-0.118666, 0.152256, 0.001309, 0.001571, 0.000000]
rectification_matrix:
  rows: 3
  cols: 3
  data: [0.999979, -0.002813, 0.005847, 0.002836, 0.999988, -0.004006, -0.005836, 0.004023, 0.999975]
projection_matrix:
  rows: 3
  cols: 4
  data: [1641.563095, 0.000000, 616.484596, 0.000000, 0.000000, 1641.563095, 532.961071, 0.000000, 0.000000, 0.000000, 1.000000, 0.000000]
