image_width: 1280
image_height: 1024
camera_name: 16276501
camera_matrix:
  rows: 3
  cols: 3
  data: [968.269481, 0.000000, 622.573967, 0.000000, 967.206041, 513.080475, 0.000000, 0.000000, 1.000000]
distortion_model: plumb_bob
distortion_coefficients:
  rows: 1
  cols: 5
  data: [-0.308453, 0.106594, -0.000196, 0.000500, 0.000000]
rectification_matrix:
  rows: 3
  cols: 3
  data: [0.997980, 0.000488, 0.063524, -0.000604, 0.999998, 0.001811, -0.063523, -0.001845, 0.997979]
projection_matrix:
  rows: 3
  cols: 4
  data: [891.959633, 0.000000, 556.986137, 0.000000, 0.000000, 891.959633, 519.328228, 0.000000, 0.000000, 0.000000, 1.000000, 0.000000]
