image_width: 1280
image_height: 1024
camera_name: pointgrey/right
camera_matrix:
  rows: 3
  cols: 3
  data: [1656.037856, 0.000000, 628.301150, 0.000000, 1654.642633, 538.961651, 0.000000, 0.000000, 1.000000]
distortion_model: plumb_bob
distortion_coefficients:
  rows: 1
  cols: 5
  data: [-0.106841, 0.100262, 0.000923, 0.001086, 0.000000]
rectification_matrix:
  rows: 3
  cols: 3
  data: [0.999980, -0.003959, 0.004918, 0.003939, 0.999984, 0.004024, -0.004933, -0.004005, 0.999980]
projection_matrix:
  rows: 3
  cols: 4
  data: [1641.563095, 0.000000, 616.484596, 147.579497, 0.000000, 1641.563095, 532.961071, 0.000000, 0.000000, 0.000000, 1.000000, 0.000000]
