image_width: 1280
image_height: 1024
camera_name: 16276527
camera_matrix:
  rows: 3
  cols: 3
  data: [950.257998, 0.000000, 643.355549, 0.000000, 950.090394, 522.023058, 0.000000, 0.000000, 1.000000]
distortion_model: plumb_bob
distortion_coefficients:
  rows: 1
  cols: 5
  data: [-0.309272, 0.115613, 0.000345, -0.000122, 0.000000]
rectification_matrix:
  rows: 3
  cols: 3
  data: [0.999894, -0.005694, 0.013371, 0.005711, 0.999983, -0.001280, -0.013363, 0.001356, 0.999910]
projection_matrix:
  rows: 3
  cols: 4
  data: [723.472094, 0.000000, 610.302162, -166.886540, 0.000000, 723.472094, 518.621063, 0.000000, 0.000000, 0.000000, 1.000000, 0.000000]
